// Wave order reversed so source wave 63 becomes slot 0 and source wave 0 becomes slot 63.
// Generated from wavetable_bank_a_64x512.h for standalone floatable experiments.
#ifndef FLOATABLE_WAVETABLE_3_REVERSED_64X512_H
#define FLOATABLE_WAVETABLE_3_REVERSED_64X512_H

#include <stdint.h>

static const int16_t floatable_wavetable_3_reversed_64x512[64][512] = {
    {  // Wave 0
        -32767, -32765, -32757, -32745, -32728, -32705, -32678, -32646, -32609, -32567, -32521, -32469, -32412, -32351, -32285, -32213,
        -32137, -32057, -31971, -31880, -31785, -31685, -31580, -31470, -31356, -31237, -31113, -30985, -30852, -30714, -30571, -30424,
        -30273, -30117, -29956, -29791, -29621, -29447, -29268, -29085, -28898, -28706, -28510, -28310, -28105, -27896, -27683, -27466,
        -27245, -27019, -26790, -26556, -26319, -26077, -25832, -25582, -25329, -25072, -24811, -24547, -24279, -24007, -23731, -23452,
        -23170, -22884, -22594, -22301, -22005, -21705, -21403, -21096, -20787, -20475, -20159, -19841, -19519, -19195, -18868, -18537,
        -18204, -17869, -17530, -17189, -16846, -16499, -16151, -15800, -15446, -15090, -14732, -14372, -14010, -13645, -13279, -12910,
        -12539, -12167, -11793, -11417, -11039, -10659, -10278,  -9896,  -9512,  -9126,  -8739,  -8351,  -7962,  -7571,  -7179,  -6786,
         -6393,  -5998,  -5602,  -5205,  -4808,  -4410,  -4011,  -3612,  -3212,  -2811,  -2410,  -2009,  -1608,  -1206,   -804,   -402,
             0,    402,    804,   1206,   1608,   2009,   2410,   2811,   3212,   3612,   4011,   4410,   4808,   5205,   5602,   5998,
          6393,   6786,   7179,   7571,   7962,   8351,   8739,   9126,   9512,   9896,  10278,  10659,  11039,  11417,  11793,  12167,
         12539,  12910,  13279,  13645,  14010,  14372,  14732,  15090,  15446,  15800,  16151,  16499,  16846,  17189,  17530,  17869,
         18204,  18537,  18868,  19195,  19519,  19841,  20159,  20475,  20787,  21096,  21403,  21705,  22005,  22301,  22594,  22884,
         23170,  23452,  23731,  24007,  24279,  24547,  24811,  25072,  25329,  25582,  25832,  26077,  26319,  26556,  26790,  27019,
         27245,  27466,  27683,  27896,  28105,  28310,  28510,  28706,  28898,  29085,  29268,  29447,  29621,  29791,  29956,  30117,
         30273,  30424,  30571,  30714,  30852,  30985,  31113,  31237,  31356,  31470,  31580,  31685,  31785,  31880,  31971,  32057,
         32137,  32213,  32285,  32351,  32412,  32469,  32521,  32567,  32609,  32646,  32678,  32705,  32728,  32745,  32757,  32765,
         32767,  32765,  32757,  32745,  32728,  32705,  32678,  32646,  32609,  32567,  32521,  32469,  32412,  32351,  32285,  32213,
         32137,  32057,  31971,  31880,  31785,  31685,  31580,  31470,  31356,  31237,  31113,  30985,  30852,  30714,  30571,  30424,
         30273,  30117,  29956,  29791,  29621,  29447,  29268,  29085,  28898,  28706,  28510,  28310,  28105,  27896,  27683,  27466,
         27245,  27019,  26790,  26556,  26319,  26077,  25832,  25582,  25329,  25072,  24811,  24547,  24279,  24007,  23731,  23452,
         23170,  22884,  22594,  22301,  22005,  21705,  21403,  21096,  20787,  20475,  20159,  19841,  19519,  19195,  18868,  18537,
         18204,  17869,  17530,  17189,  16846,  16499,  16151,  15800,  15446,  15090,  14732,  14372,  14010,  13645,  13279,  12910,
         12539,  12167,  11793,  11417,  11039,  10659,  10278,   9896,   9512,   9126,   8739,   8351,   7962,   7571,   7179,   6786,
          6393,   5998,   5602,   5205,   4808,   4410,   4011,   3612,   3212,   2811,   2410,   2009,   1608,   1206,    804,    402,
             0,   -402,   -804,  -1206,  -1608,  -2009,  -2410,  -2811,  -3212,  -3612,  -4011,  -4410,  -4808,  -5205,  -5602,  -5998,
         -6393,  -6786,  -7179,  -7571,  -7962,  -8351,  -8739,  -9126,  -9512,  -9896, -10278, -10659, -11039, -11417, -11793, -12167,
        -12539, -12910, -13279, -13645, -14010, -14372, -14732, -15090, -15446, -15800, -16151, -16499, -16846, -17189, -17530, -17869,
        -18204, -18537, -18868, -19195, -19519, -19841, -20159, -20475, -20787, -21096, -21403, -21705, -22005, -22301, -22594, -22884,
        -23170, -23452, -23731, -24007, -24279, -24547, -24811, -25072, -25329, -25582, -25832, -26077, -26319, -26556, -26790, -27019,
        -27245, -27466, -27683, -27896, -28105, -28310, -28510, -28706, -28898, -29085, -29268, -29447, -29621, -29791, -29956, -30117,
        -30273, -30424, -30571, -30714, -30852, -30985, -31113, -31237, -31356, -31470, -31580, -31685, -31785, -31880, -31971, -32057,
        -32137, -32213, -32285, -32351, -32412, -32469, -32521, -32567, -32609, -32646, -32678, -32705, -32728, -32745, -32757, -32765,
    },
    {  // Wave 1
             0,   -402,   -804,  -1206,  -1608,  -2009,  -2410,  -2811,  -3212,  -3612,  -4011,  -4410,  -4808,  -5205,  -5602,  -5998,
         -6393,  -6786,  -7179,  -7571,  -7962,  -8351,  -8739,  -9126,  -9512,  -9896, -10278, -10659, -11039, -11417, -11793, -12167,
        -12539, -12910, -13279, -13645, -14010, -14372, -14732, -15090, -15446, -15800, -16151, -16499, -16846, -17189, -17530, -17869,
        -18204, -18537, -18868, -19195, -19519, -19841, -20159, -20475, -20787, -21096, -21403, -21705, -22005, -22301, -22594, -22884,
        -23170, -23452, -23731, -24007, -24279, -24547, -24811, -25072, -25329, -25582, -25832, -26077, -26319, -26556, -26790, -27019,
        -27245, -27466, -27683, -27896, -28105, -28310, -28510, -28706, -28898, -29085, -29268, -29447, -29621, -29791, -29956, -30117,
        -30273, -30424, -30571, -30714, -30852, -30985, -31113, -31237, -31356, -31470, -31580, -31685, -31785, -31880, -31971, -32057,
        -32137, -32213, -32285, -32351, -32412, -32469, -32521, -32567, -32609, -32646, -32678, -32705, -32728, -32745, -32757, -32765,
        -32767, -32765, -32757, -32745, -32728, -32705, -32678, -32646, -32609, -32567, -32521, -32469, -32412, -32351, -32285, -32213,
        -32137, -32057, -31971, -31880, -31785, -31685, -31580, -31470, -31356, -31237, -31113, -30985, -30852, -30714, -30571, -30424,
        -30273, -30117, -29956, -29791, -29621, -29447, -29268, -29085, -28898, -28706, -28510, -28310, -28105, -27896, -27683, -27466,
        -27245, -27019, -26790, -26556, -26319, -26077, -25832, -25582, -25329, -25072, -24811, -24547, -24279, -24007, -23731, -23452,
        -23170, -22884, -22594, -22301, -22005, -21705, -21403, -21096, -20787, -20475, -20159, -19841, -19519, -19195, -18868, -18537,
        -18204, -17869, -17530, -17189, -16846, -16499, -16151, -15800, -15446, -15090, -14732, -14372, -14010, -13645, -13279, -12910,
        -12539, -12167, -11793, -11417, -11039, -10659, -10278,  -9896,  -9512,  -9126,  -8739,  -8351,  -7962,  -7571,  -7179,  -6786,
         -6393,  -5998,  -5602,  -5205,  -4808,  -4410,  -4011,  -3612,  -3212,  -2811,  -2410,  -2009,  -1608,  -1206,   -804,   -402,
             0,    402,    804,   1206,   1608,   2009,   2410,   2811,   3212,   3612,   4011,   4410,   4808,   5205,   5602,   5998,
          6393,   6786,   7179,   7571,   7962,   8351,   8739,   9126,   9512,   9896,  10278,  10659,  11039,  11417,  11793,  12167,
         12539,  12910,  13279,  13645,  14010,  14372,  14732,  15090,  15446,  15800,  16151,  16499,  16846,  17189,  17530,  17869,
         18204,  18537,  18868,  19195,  19519,  19841,  20159,  20475,  20787,  21096,  21403,  21705,  22005,  22301,  22594,  22884,
         23170,  23452,  23731,  24007,  24279,  24547,  24811,  25072,  25329,  25582,  25832,  26077,  26319,  26556,  26790,  27019,
         27245,  27466,  27683,  27896,  28105,  28310,  28510,  28706,  28898,  29085,  29268,  29447,  29621,  29791,  29956,  30117,
         30273,  30424,  30571,  30714,  30852,  30985,  31113,  31237,  31356,  31470,  31580,  31685,  31785,  31880,  31971,  32057,
         32137,  32213,  32285,  32351,  32412,  32469,  32521,  32567,  32609,  32646,  32678,  32705,  32728,  32745,  32757,  32765,
         32767,  32765,  32757,  32745,  32728,  32705,  32678,  32646,  32609,  32567,  32521,  32469,  32412,  32351,  32285,  32213,
         32137,  32057,  31971,  31880,  31785,  31685,  31580,  31470,  31356,  31237,  31113,  30985,  30852,  30714,  30571,  30424,
         30273,  30117,  29956,  29791,  29621,  29447,  29268,  29085,  28898,  28706,  28510,  28310,  28105,  27896,  27683,  27466,
         27245,  27019,  26790,  26556,  26319,  26077,  25832,  25582,  25329,  25072,  24811,  24547,  24279,  24007,  23731,  23452,
         23170,  22884,  22594,  22301,  22005,  21705,  21403,  21096,  20787,  20475,  20159,  19841,  19519,  19195,  18868,  18537,
         18204,  17869,  17530,  17189,  16846,  16499,  16151,  15800,  15446,  15090,  14732,  14372,  14010,  13645,  13279,  12910,
         12539,  12167,  11793,  11417,  11039,  10659,  10278,   9896,   9512,   9126,   8739,   8351,   7962,   7571,   7179,   6786,
          6393,   5998,   5602,   5205,   4808,   4410,   4011,   3612,   3212,   2811,   2410,   2009,   1608,   1206,    804,    402,
    },
    {  // Wave 2
         32767,  32765,  32757,  32745,  32728,  32705,  32678,  32646,  32609,  32567,  32521,  32469,  32412,  32351,  32285,  32213,
         32137,  32057,  31971,  31880,  31785,  31685,  31580,  31470,  31356,  31237,  31113,  30985,  30852,  30714,  30571,  30424,
         30273,  30117,  29956,  29791,  29621,  29447,  29268,  29085,  28898,  28706,  28510,  28310,  28105,  27896,  27683,  27466,
         27245,  27019,  26790,  26556,  26319,  26077,  25832,  25582,  25329,  25072,  24811,  24547,  24279,  24007,  23731,  23452,
         23170,  22884,  22594,  22301,  22005,  21705,  21403,  21096,  20787,  20475,  20159,  19841,  19519,  19195,  18868,  18537,
         18204,  17869,  17530,  17189,  16846,  16499,  16151,  15800,  15446,  15090,  14732,  14372,  14010,  13645,  13279,  12910,
         12539,  12167,  11793,  11417,  11039,  10659,  10278,   9896,   9512,   9126,   8739,   8351,   7962,   7571,   7179,   6786,
          6393,   5998,   5602,   5205,   4808,   4410,   4011,   3612,   3212,   2811,   2410,   2009,   1608,   1206,    804,    402,
             0,   -402,   -804,  -1206,  -1608,  -2009,  -2410,  -2811,  -3212,  -3612,  -4011,  -4410,  -4808,  -5205,  -5602,  -5998,
         -6393,  -6786,  -7179,  -7571,  -7962,  -8351,  -8739,  -9126,  -9512,  -9896, -10278, -10659, -11039, -11417, -11793, -12167,
        -12539, -12910, -13279, -13645, -14010, -14372, -14732, -15090, -15446, -15800, -16151, -16499, -16846, -17189, -17530, -17869,
        -18204, -18537, -18868, -19195, -19519, -19841, -20159, -20475, -20787, -21096, -21403, -21705, -22005, -22301, -22594, -22884,
        -23170, -23452, -23731, -24007, -24279, -24547, -24811, -25072, -25329, -25582, -25832, -26077, -26319, -26556, -26790, -27019,
        -27245, -27466, -27683, -27896, -28105, -28310, -28510, -28706, -28898, -29085, -29268, -29447, -29621, -29791, -29956, -30117,
        -30273, -30424, -30571, -30714, -30852, -30985, -31113, -31237, -31356, -31470, -31580, -31685, -31785, -31880, -31971, -32057,
        -32137, -32213, -32285, -32351, -32412, -32469, -32521, -32567, -32609, -32646, -32678, -32705, -32728, -32745, -32757, -32765,
        -32767, -32765, -32757, -32745, -32728, -32705, -32678, -32646, -32609, -32567, -32521, -32469, -32412, -32351, -32285, -32213,
        -32137, -32057, -31971, -31880, -31785, -31685, -31580, -31470, -31356, -31237, -31113, -30985, -30852, -30714, -30571, -30424,
        -30273, -30117, -29956, -29791, -29621, -29447, -29268, -29085, -28898, -28706, -28510, -28310, -28105, -27896, -27683, -27466,
        -27245, -27019, -26790, -26556, -26319, -26077, -25832, -25582, -25329, -25072, -24811, -24547, -24279, -24007, -23731, -23452,
        -23170, -22884, -22594, -22301, -22005, -21705, -21403, -21096, -20787, -20475, -20159, -19841, -19519, -19195, -18868, -18537,
        -18204, -17869, -17530, -17189, -16846, -16499, -16151, -15800, -15446, -15090, -14732, -14372, -14010, -13645, -13279, -12910,
        -12539, -12167, -11793, -11417, -11039, -10659, -10278,  -9896,  -9512,  -9126,  -8739,  -8351,  -7962,  -7571,  -7179,  -6786,
         -6393,  -5998,  -5602,  -5205,  -4808,  -4410,  -4011,  -3612,  -3212,  -2811,  -2410,  -2009,  -1608,  -1206,   -804,   -402,
             0,    402,    804,   1206,   1608,   2009,   2410,   2811,   3212,   3612,   4011,   4410,   4808,   5205,   5602,   5998,
          6393,   6786,   7179,   7571,   7962,   8351,   8739,   9126,   9512,   9896,  10278,  10659,  11039,  11417,  11793,  12167,
         12539,  12910,  13279,  13645,  14010,  14372,  14732,  15090,  15446,  15800,  16151,  16499,  16846,  17189,  17530,  17869,
         18204,  18537,  18868,  19195,  19519,  19841,  20159,  20475,  20787,  21096,  21403,  21705,  22005,  22301,  22594,  22884,
         23170,  23452,  23731,  24007,  24279,  24547,  24811,  25072,  25329,  25582,  25832,  26077,  26319,  26556,  26790,  27019,
         27245,  27466,  27683,  27896,  28105,  28310,  28510,  28706,  28898,  29085,  29268,  29447,  29621,  29791,  29956,  30117,
         30273,  30424,  30571,  30714,  30852,  30985,  31113,  31237,  31356,  31470,  31580,  31685,  31785,  31880,  31971,  32057,
         32137,  32213,  32285,  32351,  32412,  32469,  32521,  32567,  32609,  32646,  32678,  32705,  32728,  32745,  32757,  32765,
    },
    {  // Wave 3
             0,    402,    804,   1206,   1608,   2009,   2410,   2811,   3212,   3612,   4011,   4410,   4808,   5205,   5602,   5998,
          6393,   6786,   7179,   7571,   7962,   8351,   8739,   9126,   9512,   9896,  10278,  10659,  11039,  11417,  11793,  12167,
         12539,  12910,  13279,  13645,  14010,  14372,  14732,  15090,  15446,  15800,  16151,  16499,  16846,  17189,  17530,  17869,
         18204,  18537,  18868,  19195,  19519,  19841,  20159,  20475,  20787,  21096,  21403,  21705,  22005,  22301,  22594,  22884,
         23170,  23452,  23731,  24007,  24279,  24547,  24811,  25072,  25329,  25582,  25832,  26077,  26319,  26556,  26790,  27019,
         27245,  27466,  27683,  27896,  28105,  28310,  28510,  28706,  28898,  29085,  29268,  29447,  29621,  29791,  29956,  30117,
         30273,  30424,  30571,  30714,  30852,  30985,  31113,  31237,  31356,  31470,  31580,  31685,  31785,  31880,  31971,  32057,
         32137,  32213,  32285,  32351,  32412,  32469,  32521,  32567,  32609,  32646,  32678,  32705,  32728,  32745,  32757,  32765,
         32767,  32765,  32757,  32745,  32728,  32705,  32678,  32646,  32609,  32567,  32521,  32469,  32412,  32351,  32285,  32213,
         32137,  32057,  31971,  31880,  31785,  31685,  31580,  31470,  31356,  31237,  31113,  30985,  30852,  30714,  30571,  30424,
         30273,  30117,  29956,  29791,  29621,  29447,  29268,  29085,  28898,  28706,  28510,  28310,  28105,  27896,  27683,  27466,
         27245,  27019,  26790,  26556,  26319,  26077,  25832,  25582,  25329,  25072,  24811,  24547,  24279,  24007,  23731,  23452,
         23170,  22884,  22594,  22301,  22005,  21705,  21403,  21096,  20787,  20475,  20159,  19841,  19519,  19195,  18868,  18537,
         18204,  17869,  17530,  17189,  16846,  16499,  16151,  15800,  15446,  15090,  14732,  14372,  14010,  13645,  13279,  12910,
         12539,  12167,  11793,  11417,  11039,  10659,  10278,   9896,   9512,   9126,   8739,   8351,   7962,   7571,   7179,   6786,
          6393,   5998,   5602,   5205,   4808,   4410,   4011,   3612,   3212,   2811,   2410,   2009,   1608,   1206,    804,    402,
             0,   -402,   -804,  -1206,  -1608,  -2009,  -2410,  -2811,  -3212,  -3612,  -4011,  -4410,  -4808,  -5205,  -5602,  -5998,
         -6393,  -6786,  -7179,  -7571,  -7962,  -8351,  -8739,  -9126,  -9512,  -9896, -10278, -10659, -11039, -11417, -11793, -12167,
        -12539, -12910, -13279, -13645, -14010, -14372, -14732, -15090, -15446, -15800, -16151, -16499, -16846, -17189, -17530, -17869,
        -18204, -18537, -18868, -19195, -19519, -19841, -20159, -20475, -20787, -21096, -21403, -21705, -22005, -22301, -22594, -22884,
        -23170, -23452, -23731, -24007, -24279, -24547, -24811, -25072, -25329, -25582, -25832, -26077, -26319, -26556, -26790, -27019,
        -27245, -27466, -27683, -27896, -28105, -28310, -28510, -28706, -28898, -29085, -29268, -29447, -29621, -29791, -29956, -30117,
        -30273, -30424, -30571, -30714, -30852, -30985, -31113, -31237, -31356, -31470, -31580, -31685, -31785, -31880, -31971, -32057,
        -32137, -32213, -32285, -32351, -32412, -32469, -32521, -32567, -32609, -32646, -32678, -32705, -32728, -32745, -32757, -32765,
        -32767, -32765, -32757, -32745, -32728, -32705, -32678, -32646, -32609, -32567, -32521, -32469, -32412, -32351, -32285, -32213,
        -32137, -32057, -31971, -31880, -31785, -31685, -31580, -31470, -31356, -31237, -31113, -30985, -30852, -30714, -30571, -30424,
        -30273, -30117, -29956, -29791, -29621, -29447, -29268, -29085, -28898, -28706, -28510, -28310, -28105, -27896, -27683, -27466,
        -27245, -27019, -26790, -26556, -26319, -26077, -25832, -25582, -25329, -25072, -24811, -24547, -24279, -24007, -23731, -23452,
        -23170, -22884, -22594, -22301, -22005, -21705, -21403, -21096, -20787, -20475, -20159, -19841, -19519, -19195, -18868, -18537,
        -18204, -17869, -17530, -17189, -16846, -16499, -16151, -15800, -15446, -15090, -14732, -14372, -14010, -13645, -13279, -12910,
        -12539, -12167, -11793, -11417, -11039, -10659, -10278,  -9896,  -9512,  -9126,  -8739,  -8351,  -7962,  -7571,  -7179,  -6786,
         -6393,  -5998,  -5602,  -5205,  -4808,  -4410,  -4011,  -3612,  -3212,  -2811,  -2410,  -2009,  -1608,  -1206,   -804,   -402,
    },
    {  // Wave 4
          3886,   3887,   3889,   3891,   3892,   3892,   3893,   3894,   3895,   3897,   3897,   3898,   3898,   3899,   3899,   3900,
          3901,   3901,   3901,  11569,  32767,  32766,  32766,  32766,  32765,  32765,  32764,  32762,  32760,  32759,  32758,  32756,
         32754,  32752,  32749,  32748,  32745,  32743,  32741,  32738,  32735,  32732,  32730,  32727,  32724,  32721,  32718,  32714,
         32712,  32708,  32705,  32702,  32697,  32695,  32690,  32687,  32684,  32680,  32677,  32673,  32669,  32666,  32661,  32658,
         32654,  32650,  32647,  32642,  32638,  32634,  32631,  32626,  32622,  32618,  32614,  32611,  32607,  32602,  32598,  32594,
         32590,  32585,  32582,  32577,  32574,  32570,  32566,  32561,  32557,  32553,  32549,  32544,  32540,  32536,  32531,  32527,
         32523,  32519,  32515,  32510,  32506,  32502,  32497,  32493,   7232,   3619,   3615,   3612,   3608,   3604,   3601,   3599,
          3596,   3593,   3590,   3587,   3584,   3583,   3580,   3578,   3576,   3573,   3571,   3570,   3567,   3566,   3564,   3562,
          3560,   3559,   3557,   3555,   3554,   3553,   3552,   3550,   3549,   3547,   3547,   3546,   3544,   3543,   3542,   3541,
          3540,   3540,   3538,   3537,   3537,   3535,   3535,   3533,   3532,   3532,   3531,   3530,   3530,   3529,   3529,   3527,
          3526,   3525,   3525,   3524,   3524,   3524,   3523,   3522,   3521,   3520,   3520,   3519,   3518,   3518,   3518,   3517,
          3516,   3515,   3515,   3514,   3514,   3513,   3513,   3513,   3512,   3511,   3511,   3511,   3509,   3509,   3508,   3508,
          3507,   3507,   3507,   3506,   3506,   3504,   3504,   3503,   3503,   3502,   3502,   3502,   3501,   3501,   3501,   3500,
          3500,   3498,   3498,   3497,   3497,   3496,   3496,   3496,   3495,   3495,   3495,   3494,   3494,   3492,   3492,   3492,
          3491,   3491,   3490,   3490,   3490,   3489,   3489,   3488,   3488,   3488,   3486,   3486,   3485,   3485,   3485,   3484,
          3484,   3484,  -6011, -12508, -12508, -12508, -12508, -12508, -12508, -12508, -12507, -12507, -12507, -12506, -12505, -12505,
        -12504, -12504, -12503, -12502, -12502, -12501, -12499, -12499, -12498, -12497, -12496, -12495, -12495, -12493, -12492, -12490,
        -12489, -12489, -12487, -12486, -12485, -12483, -12481, -12480, -12479, -12478, -12477, -12475, -12474, -12473, -12472, -12470,
        -12468, -12467, -12464, -12463, -12462, -12461, -12459, -12457, -12456, -12455, -12454, -12452, -12450, -12449, -12447, -12445,
        -12444, -12442, -12440, -12439, -12438, -12437, -12434, -12433, -12431, -12429, -12428, -12427, -12425, -12423, -12421, -12420,
        -12419, -12417, -12415, -12413, -12411, -12410, -12409, -12408, -12405, -12403, -12402, -12400, -12399, -12398, -12396, -12393,
        -12392, -12391, -12390, -12387, -12386, -12384, -12382, -12381, -12380, -12377, -12376, -12374, -12373, -12371, -12369, -12368,
        -12366, -12364, -12363, -12361, -12359, -12358, -12356, -12355, -12352, -12351, -12350, -12348, -12346, -12345, -12342, -12341,
        -12340, -12339, -12336, -12334, -12333, -12332, -12330, -12328, -12326, -12324, -12323, -12322, -12320, -12318, -12316, -12315,
        -12313, -12312, -12310, -12308, -12306, -12305, -12304, -12301, -12300, -12298, -12297, -12295, -12293, -12292, -12290, -12288,
        -12287, -12284, -12283, -12282, -12281, -12279, -12277, -12275, -12274, -12272, -12271, -12269, -12267, -12265, -12264, -12263,
        -12261, -12259, -12257, -12256, -12254, -12253, -12250, -12248, -12247, -12246, -12245, -12242, -12240, -12239, -12237, -12236,
        -12234, -12232, -12230, -12229, -12228, -12227, -12224, -12223, -12221, -12219, -12218, -12217, -12214, -12213, -12211, -12210,
        -12208, -12206, -12205, -12203, -12201, -12200, -12199, -12196, -12195, -12193, -12192, -12190, -12188, -12187, -12185, -12183,
        -12182, -12181, -12178, -12177, -12176, -12174, -12172, -12170, -12169, -12167, -12166, -12164, -12163, -12160, -12159, -12158,
        -12156, -12154, -12152, -12150, -12149, -12148, -12146, -12145, -12142, -12141, -12140, -12138, -12136, -12135, -12132, -12131,
        -12130, -12129, -12127, -12124, -12123, -12121, -12120, -12119, -12117, -12115, -12113, -12112, -12110, -12109, -12107, -12105,
    },
    {  // Wave 5
        -14822, -14822,   1537,  32767,  32766,  32766,  32766,  32765,  32764,  32763,  32761,  32760,  29612, -17585, -17586, -17587,
        -17588, -17589, -17590, -17590, -17590, -17591, -17591, -17591, -17591, -17590, -17590, -17590, -17589, -17589, -17589, -17587,
        -17586, -17585, -17585,    958,    958,    960,    961,    962,    962,    962,    964,    964,    965,    965,    966,    966,
           966,    967,    968,    968,    968,    969,    969,    969,    969,    969,    970,   1842,   7169,   7169,   7169,   7169,
          7169,   7169,   7169,   7169,   7169,   7167,   7167,   7167,   7167,   7166,   2711,    968,    968,    966,    966,    966,
           966,    965,    965,    965,    965,    964,    964,    964,    964,    964,    964,    963,    962,    962,    962,    962,
           962,    961,    961,    961,    961,    961,   -366,  -1537,  -1537,  -1537,  -1538,   -562,    960,    960,    960,    960,
           960,    960,    960,    958,    958,    958,    958,    958,    958,    958,    958,   1997,   8346,   8345,   8344,   8344,
          8344,   8344,   8343,   8343,   8342,   8342,   8342,   8340,   8340,   8339,   8339,   8338,   8338,   8338,   8336,   8335,
          8335,   8334,   8334,   6370,    945,    944,    943,    943,    943,    941,    941,    940,    940,    939,    939,    938,
           937,  -3495,  -5660,  -5662,  -5662,  -5662,  -5662,  -5662,  -5662,  -5662,  -5662,  -5662,  -5662,   -817,    936,    936,
           936,    936,    936,    936,    936,    936,    936,    936,    936,    936,    936,    936,    936,    936,    935,    935,
           935,    935,    935,    935,    935,    935,   1013,   3446,   3446,   3446,   3446,   3446,   3289,    933,    933,    933,
           933,    933,    933,    933,    933,    932,    932,    932,    932,    932,    932,    932,    932,    932,    932,    931,
           931,   4259,   5885,   5885,   4955,    930,    929,    929,    929,    929,    929,    929,    928,    928,    928,    928,
           928,    928, -17934, -30838, -30838, -30838, -30837, -30836, -30835, -30834, -30832, -30831, -30829, -30828, -30826, -30824,
        -30823, -30820, -30819, -30816, -30814, -30811, -30808, -30806, -30803, -30801, -30799,  -2505,    973,    975,    977,    980,
           982,    984,    985,    988,    989,    991,    993,    994,   3788,  23335,  23336,  23337,  23337,  23337,  23339,  23339,
         23339,  23338,  23337,  23337,  23337,  23336,  23335,  23335,  23333,  23332,  23331,  23330,  23328,  23327,  23325,  23324,
         17738,    982,    980,    978,    977,    976,    974,    974,    972,    970,    970,    969,    968,    967,    966,    965,
           964,    964,    962,    961,    961,    961,    960,    960,    958,    958,    957,    957,    957,    956,    956,    955,
         -7348, -10116, -10116, -10116, -10116, -10116, -10116, -10116, -10116, -10116, -10116, -10115, -10115, -10115, -10115, -10113,
        -10113, -10112, -10112, -10112, -10111, -10110, -10109, -10108, -10108, -10107,  -7685,    965,    965,    966,    966,    968,
           968,    968,    969,    969,    970,    970,    971,    972,    972,    972,    972,    973,    973,    973,    973,   3388,
          3889,   3889,   3889,   3889,   3889,   3889,   3889,   3889,   2796,    974,    974,    974,    974,    974,    974,    974,
           973,    973,    489,  -4193,  -4193,  -4193,  -4193,  -4193,  -4193,  -4193,  -4193,  -4193,  -4192,  -4192,  -4192,  -4192,
         -4192,  -4192,  -4191,  -4191,  -4191,  -4191,  -4190,  -4189,  -4189,  -3947,    978,    978,    978,    979,    980,    980,
           980,    980,    980,    980,    981,    981,    981,    981,    981,    981,    981,    981,   2634,   6271,   6271,   6271,
          6270,   6270,   6270,   6270,   6270,   6270,   6270,   6268,   6268,   6268,   6267,   1556,    977,    977,    977,    977,
           976,    976,    976,    976,    975,    974,    974,    974,    974,    974,    973,    973,    973,    973,    973,    972,
           972,    972,    972,    972,    972,    970,   -347,  -1509,  -1509,  -1509,  -1509,   -541,    970,    970,    969,    969,
           969,    969,    969,    969,    969,    969,    969,    969,    969,    968,    968,    968,    968,    968,    968,    968,
    },
    {  // Wave 6
         20254,  20254,  20254,  20254,  20253,  20253,  20253,  20252,  20251,  20249,  20249,  20248,  20246,  20246,  20245,  20243,
         20241,  20240,  20238,  20237,  20235,  20233,  20232,  20230,  20229,  20226,  20225,  20223,  20220,  20218,  20217,  20215,
         20212,  20210,  20208,  20206,  20203,  20201,  20198,  20197,  20194,  20193,  20190,  20188,  20185,  20183,  20181,  20178,
         20175,  20173,  20170,  20168,  20166,  20163,  20160,  20158,  20156,  20153,  20150,  20149,  20146,  20144,  20140,  20138,
         20135,  20133,  20130,  20127,  20125,  20122,  20119,  20117,  20114,  20112,  20110,  20106,  20105,  20101,  20099,  20096,
         20094,  20091,  20089,  20086,  20084,  20080,  20078,  20075,  20073,  20069,  20067,  20064,  20062,  20059,  20056,  20054,
         20051,  20048,  20046,  20043,  20040,  20038,  20035,  20033,  20030,  20027,  20024,  20022,  20019,  20017,  20014,  20011,
         20009,  20006,  20003,  20000,  19998,  19995,  19993,  19990,  19987,  19984,  19982,  19979,  19977,  19974,  19971,  19969,
        -11989, -11991, -11993, -11995, -11996, -11998, -11999, -12001, -12002, -12003, -12004, -12005, -12006, -12006, -12007, -12007,
        -12007, -12007, -12007, -12007, -12007, -12007, -12007, -12007, -12007, -12007, -12006, -12006, -12005, -12005, -12005, -12003,
        -12002, -12002, -12001, -12001, -11999, -11999, -11997, -11997, -11995, -11995, -11994, -11993, -11992, -11990, -11989, -32767,
        -32766, -32764, -32762, -32761, -32758, -32757, -32754, -32752, -32750, -32747, -32745, -32742, -32740, -32737, -32734, -32731,
        -32727, -32724, -32721, -32718, -32715, -32711, -32709, -32705, -32702, -32698, -32695, -32691, -32687, -32684, -32680, -32676,
        -32674, -32669, -32666, -32661, -32657, -32654, -32650, -32646, -32642, -32638, -32634, -32630, -32626, -32622, -32618, -32614,
        -32610, -32605, -32601, -32598, -32593, -21183,   -844,   -840,   -836,   -834,   -830,   -827,   -824,   -821,   -817,   -816,
          -813,   -811,   -808,   -806,   -804,   -803,   -801,   -799,   -796,   -795,   -793,   -792,   -791,   -790,   -788,   -787,
          -785,   -785,   -784,   -782,   -781,   -780,   -780,   -779,   -778,   -776,   -776,   -776,   -775,   -775,   -773,   -772,
          -772,   -772,   -771,   -771,   -770,   -769,   -769,   -768,   -768,   -768,   -767,   -767,   -767,   -765,   -765,   -765,
          -765,   -764,   -764,   -764,   -764,   -764,   -763,   -763,   -763,   -763,   -763,   -761,   -761,   -761,   -761,   -761,
          -761,   -760,   -760,   -760,   -760,   -760,   -760,   -760,   -759,   -759,   -759,   -759,   -759,   -759,   -759,   -757,
          -757,   -757,   -757,   -757,   -757,   -757,   -757,   -757,   -757,   -756,   -756,   -756,   -756,   -756,   -756,   -756,
          -756,   -756,   -756,   -755,   -755,   -755,   -755,   -755,   -755,   -755,   -755,   -755,   -755,   -755,   -753,   -753,
          -753,   -753,   -753,   -753,   -753,   -753,   -753,   -753,   -753,   -753,   -752,   -752,   -752,   -752,   -752,   -752,
          -752,   -752,   -752,   -752,   -752,   -752,   -752,   -751,   -751,   -751,   -751,   -751,   -751,   -751,   -751,   -751,
          -751,   -751,   -751,   -750,   -749,   -749,   -749,   -749,   -749,   -749,   -749,   -749,   -749,   -749,   -749,   -749,
          -749,   -748,   -748,   -748,   -748,   -748,   -748,   -748,   -748,   -748,   -748,   -748,   -748,   -748,   -747,   -747,
          -747,   -747,   -747,   -747,   -747,   -747,   -747,   -747,   -747,   -747,   -747,   -746,   -745,   -745,   -745,   -745,
          -745,   -745,   -745,   -745,   -745,   -745,   -745,   -745,   -744,   -744,   -744,   -744,   -744,   -744,   -744,   -744,
          -744,   -744,   -744,   -744,   -744,   -744,   -743,   -743,   -743,   -743,   -743,   -743,   -743,   -743,   -743,   -743,
          -743,   -743,   -743,   -742,   -741,   -741,   -741,   -741,   -741,   -741,   -741,   -741,   -741,   -741,   -741,   -741,
          -740,   -740,   -740,   -740,   -740,   -740,   -740,   -740,   -740,   -740,   -740,   -740,   -740,   -740,   -739,   -739,
          -739,   -739,   -739,   -739,   -739,   -739,   -739,   -739,   -739,   -739,   -739,   -739,   -737,   -737,   -737, -13541,
    },
    {  // Wave 7
         20121,  30326,  30326,  30327,  29160,  28629,  28629,  28629,  28628,  28627,  28626,  28626,  28625,  28623,  28623,  31018,
         32766,  32765,  32763,  32761,  32759,  32757,  32754,  32752,  32750,  32747,  32744,  32742,  32739,  32736,  32733,  32730,
         32728,  32724,  32721,  32718,  32714,  32711,  32707,  32642,  32612,  32609,  32605,  32601,  32598,  32595,  32590,  32587,
         32583,  32579,  32576,  32572,  32568,  32564,  32560,  32556,  32552,  32548,  32545,  32540,  32537,  32533,  32528,  32525,
         32520,  32516,  32512,  32507,  32503,  32499,  32495,  32491,  32486,  32482,  32478,  32474,  32470,  32465,  32461,  32457,
         32453,  32448,  32445,  32440,  32436,  32432,  32428,  32423,  32419,  32416,  32410,  32407,  32402,  32397,  32393,  32389,
         32384,  32380,  32376,  32372,  32367,  32363,  32359,  32354,  32350,  32346,  32341,  32337,  32333,  32329,  32324,  32320,
         32316,  32311,  32307,  32303,  32298,  32295,  32290,  32286,  32282,  32277,  32273,  32268,  32264,  32260,  32255,  32252,
         32247,  32242,  32239,  32234,  32230,  32226,  32221,  32217,  32212,  32208,  32204,  32199,  32196,  32191,  32187,  32183,
         32178,  32174,  32170,  32165,  32161,  32157,  32153,  32148,  32144,  32139,  32135,  32130,  32127,  32122,  32118,  32114,
         32109,  32105,  32101,  32096,  32092,  32088,  32083,  32079,  32074,  31808,  17633, -13857, -13861, -15678, -15037, -12701,
        -12704, -12706, -12709, -12711, -12713, -12715, -13957, -17131, -17133, -17134, -17134, -17136, -17136, -17136, -17137, -17137,
        -17137, -17137, -17137, -17137, -17137, -17136, -17136, -17136, -17134, -17133, -17133, -17132, -17132, -17130, -17130, -17128,
        -17126, -17126, -17125, -17123, -17122, -17120, -17119, -17118, -17116, -17115, -17113, -17111, -17110, -17108, -17107, -17104,
        -17102, -17100, -17099, -17097, -17096, -17093, -17091, -17089, -17088, -17086, -17083, -17082, -17080, -17078, -17075, -17074,
        -17072, -17069, -17067, -17066, -17063, -17061, -17059, -17057, -17055, -17052, -17050, -17049, -17046, -17044, -17042, -17039,
        -17038, -17035, -17033, -17031, -17029, -17027, -17024, -17023, -17020, -17018, -17016, -17013, -17012, -17009, -17007, -17005,
        -17002, -16999, -16998, -16996, -16994, -16991, -16988, -16987, -16984, -16982, -16980, -16978, -16975, -16973, -16972, -16969,
        -16966, -16964, -16962, -16960, -16957, -16955, -16953, -16951, -16949, -16946, -16944, -16942, -16939, -16937, -16935, -16933,
        -16930, -16928, -16925, -16924, -16921, -16920, -16916, -16915, -16912, -16910, -16907, -16906, -16903, -16901, -16899, -16896,
        -16895, -16892, -16890, -16887, -16886, -16882, -16881, -16878, -16876, -16873, -16872, -16869, -16867, -16865, -16863, -16860,
        -16858, -16855, -16854, -16851, -16849, -16846, -16844, -16843, -16840, -16837, -16835, -16833, -16831, -16829, -16826, -16824,
        -16822, -16820, -16816, -16815, -16813, -16810, -16808, -16806, -16804, -16801, -16800, -16797, -16795, -16793, -16790, -16789,
        -16786, -16784, -16781, -16779, -16776, -16775, -16772, -16771, -16768, -16765, -16763, -16761, -16759, -16757, -16754, -16752,
        -16750, -16748, -16745, -16742, -16741, -16738, -16737, -16734, -16732, -16729, -16727, -16726, -16723, -16721, -16718, -16716,
        -16714, -16712, -16709, -16707, -16705, -16703, -16700, -16698, -16697, -16694, -16692, -16689, -16687, -16684, -16683, -16680,
        -16678, -16676, -16673, -16672, -16669, -16667, -16664, -16663, -16659, -16658, -16656, -16654, -16651, -16649, -16647, -16644,
        -16642, -16640, -16638, -16635, -16633, -16632, -16629, -16627, -16624, -16622, -16620, -16618, -16615, -16614, -16611, -16609,
        -16607, -16604, -16602, -16599, -16598, -16595, -16593, -16591, -16589, -16586, -16584, -16582, -16580, -16578, -16576, -16573,
        -16571, -16569, -16567, -16564, -16562, -16559, -16558, -16555, -16553, -16551, -16549, -16546, -16544, -16542, -16540, -16538,
        -16536, -16533, -16530, -16529, -16527, -16524, -16522, -16520, -16518, -16515, -16514, -16511,  -9738,  -4470,  -4467,  -4466,
         -4464,  -4463,  -4461,  -4458,  -4456,  -4455,  -4453,  -4452,  -4451,  -4449,  -4448,  -4447,  -4445,  -4444,  -4443,  -4441,
    },
    {  // Wave 8
         14736,  20152,  18999,  19313,  19362,  19104,  19476,  19155,  19324,  19283,  19214,  19377,  19162,  19339,  19250,  19259,
         19325,  19189,  19353,  19229,  19286,  19291,  19226,  19351,  19211,  19307,  19268,  19251,  19323,  19197,  19328,  19247,
         19274,  19301,  19218,  19351,  19223,  19296,  19280,  19239,  19339,  19193,  19325,  19254,  19260,  19323,  19188,  19366,
         19218,  19290,  19301,  19198,  19401,  19153,  19343,  19264,  19214,  19417,  19029,  19479,  19166,  19241,  19532,  18598,
         20977,   -862,  -6469,  -5561,  -5557,  -5939,  -5394,  -5848,  -5617,  -5677,  -5749,  -5574,  -5798,  -5618,  -5708,  -5695,
         -5643,  -5750,  -5625,  -5716,  -5675,  -5675,  -5710,  -5644,  -5715,  -5668,  -5688,  -5691,  -5670,  -5703,  -5672,  -5690,
         -5682,  -5684,  -5684,  -5685,  -5682,  -5685,  -5686,  -5676,  -5700,  -5663,  -5700,  -5678,  -5677,  -5708,  -5642,  -5732,
         -5655,  -5692,  -5704,  -5633,  -5777,  -5595,  -5737,  -5681,  -5625,  -5830,  -5419,  -5922,  -5577,  -5428,  -8332, -23053,
        -23660, -24728, -24239, -24398, -24453, -24247, -24543, -24287, -24421, -24389, -24337, -24460, -24298, -24430, -24363, -24372,
        -24415, -24327, -24433, -24353, -24390, -24392, -24355, -24423, -24349, -24399, -24378, -24372, -24402, -24351, -24402, -24371,
        -24382, -24390, -24366, -24402, -24369, -24387, -24383, -24376, -24392, -24370, -24388, -24379, -24381, -24385, -24377, -24385,
        -24380, -24382, -24381, -24383, -24380, -24383, -24380, -24382, -24384, -24376, -24390, -24375, -24386, -24382, -24376, -24392,
        -24365, -24394, -24376, -24380, -24391, -24363, -24406, -24365, -24388, -24385, -24367, -24410, -24350, -24402, -24375, -24374,
        -24405, -24340, -24422, -24357, -24388, -24397, -24346, -24443, -24329, -24410, -24379, -24357, -24439, -24290, -24450, -24347,
        -24379, -24429, -24287, -24523, -24285, -24424, -24403, -24283, -24573, -24126, -24553, -24329, -24260, -24786, -23445, -25661,
        -10964,   5734,   5034,   4765,   5440,   4716,   5193,   4989,   4985,   5150,   4866,   5151,   5054,   4609,   1480,  -1993,
          4799,   6741,   6433,   6499,   6521,   6382,   8697,   9658,   9413,   9460,   9552,   9317,   9683,   9469,  12273,  14288,
         14272,  14209,  14276,  14235,  14252,  14249,  14245,  14252,  14245,  14249,  14247,  14248,  14249,  14245,  14249,  14247,
         14248,  14249,  14245,  14252,  14244,  14249,  14248,  14244,  14256,  14238,  14254,  14245,  14246,  14256,  14234,  14263,
         14238,  14250,  14253,  14233,  14273,  14225,  14262,  14246,  14236,  14275,  14202,  14287,  14227,  14246,  14278,  14180,
         14365,  14161,  14286,  14295,  14032,  14902,  10785,   1058,   1856,   1662,   1581,   1827,   1510,   1762,   1638,   1652,
          1736,   1563,   1772,   1613,   1686,   1696,   1604,   1780,   1580,   1719,   1665,   1633,   1758,   1530,   1774,   1619,
          1664,   1747,   1510,   1923,   1492,   1727,   1904,   -265, -10006, -10118, -10614, -10415, -10477, -10475, -10467, -10455,
        -10482, -10469, -10436, -10554, -10298, -10655, -10366, -10305, -17390, -26135, -25505, -26403, -25946, -26129, -26163, -26011,
        -26293, -26046, -26199, -26164, -26138, -26257, -26109, -26261, -26195, -26224, -26271, -26197, -26320, -26238, -26294, -26300,
        -26277, -26357, -26283, -26358, -26340, -26348, -26391, -26341, -26418, -26383, -26412, -26429, -26408, -26474, -26428, -26473,
        -26472, -26474, -26513, -26478, -26531, -26518, -26534, -26556, -26537, -26588, -26563, -26593, -26601, -26599, -26636, -26612,
        -26650, -26647, -26656, -26683, -26660, -26711, -26692, -26715, -26730, -26713, -26776, -26727, -26779, -26777, -26758, -26858,
        -26682, -26911, -27996, -31815, -32257, -32413, -32196, -32399, -32318, -32353, -32404, -32327, -32460, -32376, -32439, -32449,
        -32420, -32520, -32426, -32522, -32496, -32503, -32570, -32484, -32610, -32544, -32595, -32661, -32652, -32765, -32693, -32063,
        -31260, -31113, -31163, -30808, -30965, -30734, -30678, -30698, -30378, -30667, -30257, -30367, -30316, -29983, -30522, -29569,
        -30305, -30161, -16514,   1916,   1008,   2826,   1732,    546,  -2868,  -3356,  -2947,  -3387,    751,   4607,   2725,   -597,
    },
    {  // Wave 9
           342,    438,    536,    633,    730,    827,    937,   1407,   1367,   1328,   1289,   1250,   1210,   1170,   1131,   1091,
