// Reversed wave order resampled from 512 to 256 samples per wave.
// Generated from wavetable_bank_a_64x512.h for standalone floatable experiments.
#ifndef FLOATABLE_WAVETABLE_4_REVERSED_64X256_H
#define FLOATABLE_WAVETABLE_4_REVERSED_64X256_H

#include <stdint.h>

static const int16_t floatable_wavetable_4_reversed_64x256[64][256] = {
    {  // Wave 0
        -32767, -32757, -32728, -32678, -32609, -32521, -32412, -32285, -32137, -31971, -31785, -31580, -31356, -31113, -30852, -30571,
        -30273, -29956, -29621, -29268, -28898, -28510, -28105, -27683, -27245, -26790, -26319, -25832, -25329, -24811, -24279, -23731,
        -23170, -22594, -22005, -21403, -20787, -20159, -19519, -18868, -18204, -17530, -16846, -16151, -15446, -14732, -14010, -13279,
        -12539, -11793, -11039, -10278,  -9512,  -8739,  -7962,  -7179,  -6393,  -5602,  -4808,  -4011,  -3212,  -2410,  -1608,   -804,
             0,    804,   1608,   2410,   3212,   4011,   4808,   5602,   6393,   7179,   7962,   8739,   9512,  10278,  11039,  11793,
         12539,  13279,  14010,  14732,  15446,  16151,  16846,  17530,  18204,  18868,  19519,  20159,  20787,  21403,  22005,  22594,
         23170,  23731,  24279,  24811,  25329,  25832,  26319,  26790,  27245,  27683,  28105,  28510,  28898,  29268,  29621,  29956,
         30273,  30571,  30852,  31113,  31356,  31580,  31785,  31971,  32137,  32285,  32412,  32521,  32609,  32678,  32728,  32757,
         32767,  32757,  32728,  32678,  32609,  32521,  32412,  32285,  32137,  31971,  31785,  31580,  31356,  31113,  30852,  30571,
         30273,  29956,  29621,  29268,  28898,  28510,  28105,  27683,  27245,  26790,  26319,  25832,  25329,  24811,  24279,  23731,
         23170,  22594,  22005,  21403,  20787,  20159,  19519,  18868,  18204,  17530,  16846,  16151,  15446,  14732,  14010,  13279,
         12539,  11793,  11039,  10278,   9512,   8739,   7962,   7179,   6393,   5602,   4808,   4011,   3212,   2410,   1608,    804,
             0,   -804,  -1608,  -2410,  -3212,  -4011,  -4808,  -5602,  -6393,  -7179,  -7962,  -8739,  -9512, -10278, -11039, -11793,
        -12539, -13279, -14010, -14732, -15446, -16151, -16846, -17530, -18204, -18868, -19519, -20159, -20787, -21403, -22005, -22594,
        -23170, -23731, -24279, -24811, -25329, -25832, -26319, -26790, -27245, -27683, -28105, -28510, -28898, -29268, -29621, -29956,
        -30273, -30571, -30852, -31113, -31356, -31580, -31785, -31971, -32137, -32285, -32412, -32521, -32609, -32678, -32728, -32757,
    },
    {  // Wave 1
             0,   -804,  -1608,  -2410,  -3212,  -4011,  -4808,  -5602,  -6393,  -7179,  -7962,  -8739,  -9512, -10278, -11039, -11793,
        -12539, -13279, -14010, -14732, -15446, -16151, -16846, -17530, -18204, -18868, -19519, -20159, -20787, -21403, -22005, -22594,
        -23170, -23731, -24279, -24811, -25329, -25832, -26319, -26790, -27245, -27683, -28105, -28510, -28898, -29268, -29621, -29956,
        -30273, -30571, -30852, -31113, -31356, -31580, -31785, -31971, -32137, -32285, -32412, -32521, -32609, -32678, -32728, -32757,
        -32767, -32757, -32728, -32678, -32609, -32521, -32412, -32285, -32137, -31971, -31785, -31580, -31356, -31113, -30852, -30571,
        -30273, -29956, -29621, -29268, -28898, -28510, -28105, -27683, -27245, -26790, -26319, -25832, -25329, -24811, -24279, -23731,
        -23170, -22594, -22005, -21403, -20787, -20159, -19519, -18868, -18204, -17530, -16846, -16151, -15446, -14732, -14010, -13279,
        -12539, -11793, -11039, -10278,  -9512,  -8739,  -7962,  -7179,  -6393,  -5602,  -4808,  -4011,  -3212,  -2410,  -1608,   -804,
             0,    804,   1608,   2410,   3212,   4011,   4808,   5602,   6393,   7179,   7962,   8739,   9512,  10278,  11039,  11793,
         12539,  13279,  14010,  14732,  15446,  16151,  16846,  17530,  18204,  18868,  19519,  20159,  20787,  21403,  22005,  22594,
         23170,  23731,  24279,  24811,  25329,  25832,  26319,  26790,  27245,  27683,  28105,  28510,  28898,  29268,  29621,  29956,
         30273,  30571,  30852,  31113,  31356,  31580,  31785,  31971,  32137,  32285,  32412,  32521,  32609,  32678,  32728,  32757,
         32767,  32757,  32728,  32678,  32609,  32521,  32412,  32285,  32137,  31971,  31785,  31580,  31356,  31113,  30852,  30571,
         30273,  29956,  29621,  29268,  28898,  28510,  28105,  27683,  27245,  26790,  26319,  25832,  25329,  24811,  24279,  23731,
         23170,  22594,  22005,  21403,  20787,  20159,  19519,  18868,  18204,  17530,  16846,  16151,  15446,  14732,  14010,  13279,
         12539,  11793,  11039,  10278,   9512,   8739,   7962,   7179,   6393,   5602,   4808,   4011,   3212,   2410,   1608,    804,
    },
    {  // Wave 2
         32767,  32757,  32728,  32678,  32609,  32521,  32412,  32285,  32137,  31971,  31785,  31580,  31356,  31113,  30852,  30571,
         30273,  29956,  29621,  29268,  28898,  28510,  28105,  27683,  27245,  26790,  26319,  25832,  25329,  24811,  24279,  23731,
         23170,  22594,  22005,  21403,  20787,  20159,  19519,  18868,  18204,  17530,  16846,  16151,  15446,  14732,  14010,  13279,
         12539,  11793,  11039,  10278,   9512,   8739,   7962,   7179,   6393,   5602,   4808,   4011,   3212,   2410,   1608,    804,
             0,   -804,  -1608,  -2410,  -3212,  -4011,  -4808,  -5602,  -6393,  -7179,  -7962,  -8739,  -9512, -10278, -11039, -11793,
        -12539, -13279, -14010, -14732, -15446, -16151, -16846, -17530, -18204, -18868, -19519, -20159, -20787, -21403, -22005, -22594,
        -23170, -23731, -24279, -24811, -25329, -25832, -26319, -26790, -27245, -27683, -28105, -28510, -28898, -29268, -29621, -29956,
        -30273, -30571, -30852, -31113, -31356, -31580, -31785, -31971, -32137, -32285, -32412, -32521, -32609, -32678, -32728, -32757,
        -32767, -32757, -32728, -32678, -32609, -32521, -32412, -32285, -32137, -31971, -31785, -31580, -31356, -31113, -30852, -30571,
        -30273, -29956, -29621, -29268, -28898, -28510, -28105, -27683, -27245, -26790, -26319, -25832, -25329, -24811, -24279, -23731,
        -23170, -22594, -22005, -21403, -20787, -20159, -19519, -18868, -18204, -17530, -16846, -16151, -15446, -14732, -14010, -13279,
        -12539, -11793, -11039, -10278,  -9512,  -8739,  -7962,  -7179,  -6393,  -5602,  -4808,  -4011,  -3212,  -2410,  -1608,   -804,
             0,    804,   1608,   2410,   3212,   4011,   4808,   5602,   6393,   7179,   7962,   8739,   9512,  10278,  11039,  11793,
         12539,  13279,  14010,  14732,  15446,  16151,  16846,  17530,  18204,  18868,  19519,  20159,  20787,  21403,  22005,  22594,
         23170,  23731,  24279,  24811,  25329,  25832,  26319,  26790,  27245,  27683,  28105,  28510,  28898,  29268,  29621,  29956,
         30273,  30571,  30852,  31113,  31356,  31580,  31785,  31971,  32137,  32285,  32412,  32521,  32609,  32678,  32728,  32757,
    },
    {  // Wave 3
             0,    804,   1608,   2410,   3212,   4011,   4808,   5602,   6393,   7179,   7962,   8739,   9512,  10278,  11039,  11793,
         12539,  13279,  14010,  14732,  15446,  16151,  16846,  17530,  18204,  18868,  19519,  20159,  20787,  21403,  22005,  22594,
         23170,  23731,  24279,  24811,  25329,  25832,  26319,  26790,  27245,  27683,  28105,  28510,  28898,  29268,  29621,  29956,
         30273,  30571,  30852,  31113,  31356,  31580,  31785,  31971,  32137,  32285,  32412,  32521,  32609,  32678,  32728,  32757,
         32767,  32757,  32728,  32678,  32609,  32521,  32412,  32285,  32137,  31971,  31785,  31580,  31356,  31113,  30852,  30571,
         30273,  29956,  29621,  29268,  28898,  28510,  28105,  27683,  27245,  26790,  26319,  25832,  25329,  24811,  24279,  23731,
         23170,  22594,  22005,  21403,  20787,  20159,  19519,  18868,  18204,  17530,  16846,  16151,  15446,  14732,  14010,  13279,
         12539,  11793,  11039,  10278,   9512,   8739,   7962,   7179,   6393,   5602,   4808,   4011,   3212,   2410,   1608,    804,
             0,   -804,  -1608,  -2410,  -3212,  -4011,  -4808,  -5602,  -6393,  -7179,  -7962,  -8739,  -9512, -10278, -11039, -11793,
        -12539, -13279, -14010, -14732, -15446, -16151, -16846, -17530, -18204, -18868, -19519, -20159, -20787, -21403, -22005, -22594,
        -23170, -23731, -24279, -24811, -25329, -25832, -26319, -26790, -27245, -27683, -28105, -28510, -28898, -29268, -29621, -29956,
        -30273, -30571, -30852, -31113, -31356, -31580, -31785, -31971, -32137, -32285, -32412, -32521, -32609, -32678, -32728, -32757,
        -32767, -32757, -32728, -32678, -32609, -32521, -32412, -32285, -32137, -31971, -31785, -31580, -31356, -31113, -30852, -30571,
        -30273, -29956, -29621, -29268, -28898, -28510, -28105, -27683, -27245, -26790, -26319, -25832, -25329, -24811, -24279, -23731,
        -23170, -22594, -22005, -21403, -20787, -20159, -19519, -18868, -18204, -17530, -16846, -16151, -15446, -14732, -14010, -13279,
        -12539, -11793, -11039, -10278,  -9512,  -8739,  -7962,  -7179,  -6393,  -5602,  -4808,  -4011,  -3212,  -2410,  -1608,   -804,
    },
    {  // Wave 4
          3886,   3889,   3892,   3893,   3895,   3897,   3898,   3899,   3901,   3901,  32767,  32766,  32765,  32764,  32760,  32758,
         32754,  32749,  32745,  32741,  32735,  32730,  32724,  32718,  32712,  32705,  32697,  32690,  32684,  32677,  32669,  32661,
         32654,  32647,  32638,  32631,  32622,  32614,  32607,  32598,  32590,  32582,  32574,  32566,  32557,  32549,  32540,  32531,
         32523,  32515,  32506,  32497,   7232,   3615,   3608,   3601,   3596,   3590,   3584,   3580,   3576,   3571,   3567,   3564,
          3560,   3557,   3554,   3552,   3549,   3547,   3544,   3542,   3540,   3538,   3537,   3535,   3532,   3531,   3530,   3529,
          3526,   3525,   3524,   3523,   3521,   3520,   3518,   3518,   3516,   3515,   3514,   3513,   3512,   3511,   3509,   3508,
          3507,   3507,   3506,   3504,   3503,   3502,   3501,   3501,   3500,   3498,   3497,   3496,   3495,   3495,   3494,   3492,
          3491,   3490,   3490,   3489,   3488,   3486,   3485,   3485,   3484,  -6011, -12508, -12508, -12508, -12507, -12507, -12505,
        -12504, -12503, -12502, -12499, -12498, -12496, -12495, -12492, -12489, -12487, -12485, -12481, -12479, -12477, -12474, -12472,
        -12468, -12464, -12462, -12459, -12456, -12454, -12450, -12447, -12444, -12440, -12438, -12434, -12431, -12428, -12425, -12421,
        -12419, -12415, -12411, -12409, -12405, -12402, -12399, -12396, -12392, -12390, -12386, -12382, -12380, -12376, -12373, -12369,
        -12366, -12363, -12359, -12356, -12352, -12350, -12346, -12342, -12340, -12336, -12333, -12330, -12326, -12323, -12320, -12316,
        -12313, -12310, -12306, -12304, -12300, -12297, -12293, -12290, -12287, -12283, -12281, -12277, -12274, -12271, -12267, -12264,
        -12261, -12257, -12254, -12250, -12247, -12245, -12240, -12237, -12234, -12230, -12228, -12224, -12221, -12218, -12214, -12211,
        -12208, -12205, -12201, -12199, -12195, -12192, -12188, -12185, -12182, -12178, -12176, -12172, -12169, -12166, -12163, -12159,
        -12156, -12152, -12149, -12146, -12142, -12140, -12136, -12132, -12130, -12127, -12123, -12120, -12117, -12113, -12110, -12107,
    },
    {  // Wave 5
        -14822,   1537,  32766,  32766,  32764,  32761,  29612, -17586, -17588, -17590, -17590, -17591, -17591, -17590, -17589, -17589,
        -17586, -17585,    958,    961,    962,    964,    965,    966,    966,    968,    968,    969,    969,    970,   7169,   7169,
          7169,   7169,   7169,   7167,   7167,   2711,    968,    966,    966,    965,    965,    964,    964,    964,    962,    962,
           962,    961,    961,   -366,  -1537,  -1538,    960,    960,    960,    960,    958,    958,    958,    958,   8346,   8344,
          8344,   8343,   8342,   8342,   8340,   8339,   8338,   8336,   8335,   8334,    945,    943,    943,    941,    940,    939,
           937,  -5660,  -5662,  -5662,  -5662,  -5662,  -5662,    936,    936,    936,    936,    936,    936,    936,    936,    935,
           935,    935,    935,   1013,   3446,   3446,   3289,    933,    933,    933,    933,    932,    932,    932,    932,    932,
           931,   5885,   4955,    929,    929,    929,    928,    928,    928, -17934, -30838, -30837, -30835, -30832, -30829, -30826,
        -30823, -30819, -30814, -30808, -30803, -30799,    973,    977,    982,    985,    989,    993,   3788,  23336,  23337,  23339,
         23339,  23337,  23337,  23335,  23333,  23331,  23328,  23325,  17738,    980,    977,    974,    972,    970,    968,    966,
           964,    962,    961,    960,    958,    957,    957,    956,  -7348, -10116, -10116, -10116, -10116, -10116, -10115, -10115,
        -10113, -10112, -10111, -10109, -10108,  -7685,    965,    966,    968,    969,    970,    971,    972,    972,    973,    973,
          3889,   3889,   3889,   3889,   2796,    974,    974,    974,    973,    489,  -4193,  -4193,  -4193,  -4193,  -4192,  -4192,
         -4192,  -4191,  -4191,  -4190,  -4189,    978,    978,    980,    980,    980,    981,    981,    981,    981,   2634,   6271,
          6270,   6270,   6270,   6270,   6268,   6267,    977,    977,    976,    976,    975,    974,    974,    973,    973,    973,
           972,    972,    972,   -347,  -1509,  -1509,    970,    969,    969,    969,    969,    969,    969,    968,    968,    968,
    },
    {  // Wave 6
         20254,  20254,  20253,  20253,  20251,  20249,  20246,  20245,  20241,  20238,  20235,  20232,  20229,  20225,  20220,  20217,
         20212,  20208,  20203,  20198,  20194,  20190,  20185,  20181,  20175,  20170,  20166,  20160,  20156,  20150,  20146,  20140,
         20135,  20130,  20125,  20119,  20114,  20110,  20105,  20099,  20094,  20089,  20084,  20078,  20073,  20067,  20062,  20056,
         20051,  20046,  20040,  20035,  20030,  20024,  20019,  20014,  20009,  20003,  19998,  19993,  19987,  19982,  19977,  19971,
        -11989, -11993, -11996, -11999, -12002, -12004, -12006, -12007, -12007, -12007, -12007, -12007, -12007, -12006, -12005, -12005,
        -12002, -12001, -11999, -11997, -11995, -11994, -11992, -11989, -32766, -32762, -32758, -32754, -32750, -32745, -32740, -32734,
        -32727, -32721, -32715, -32709, -32702, -32695, -32687, -32680, -32674, -32666, -32657, -32650, -32642, -32634, -32626, -32618,
        -32610, -32601, -32593,   -844,   -836,   -830,   -824,   -817,   -813,   -808,   -804,   -801,   -796,   -793,   -791,   -788,
          -785,   -784,   -781,   -780,   -778,   -776,   -775,   -773,   -772,   -771,   -770,   -769,   -768,   -767,   -767,   -765,
          -765,   -764,   -764,   -763,   -763,   -763,   -761,   -761,   -761,   -760,   -760,   -760,   -759,   -759,   -759,   -759,
          -757,   -757,   -757,   -757,   -757,   -756,   -756,   -756,   -756,   -756,   -755,   -755,   -755,   -755,   -755,   -753,
          -753,   -753,   -753,   -753,   -753,   -752,   -752,   -752,   -752,   -752,   -752,   -752,   -751,   -751,   -751,   -751,
          -751,   -751,   -749,   -749,   -749,   -749,   -749,   -749,   -749,   -748,   -748,   -748,   -748,   -748,   -748,   -747,
          -747,   -747,   -747,   -747,   -747,   -747,   -745,   -745,   -745,   -745,   -745,   -745,   -744,   -744,   -744,   -744,
          -744,   -744,   -744,   -743,   -743,   -743,   -743,   -743,   -743,   -743,   -741,   -741,   -741,   -741,   -741,   -741,
          -740,   -740,   -740,   -740,   -740,   -740,   -740,   -739,   -739,   -739,   -739,   -739,   -739,   -739,   -737,   -737,
    },
    {  // Wave 7
         20121,  30326,  29160,  28629,  28628,  28626,  28625,  28623,  32766,  32763,  32759,  32754,  32750,  32744,  32739,  32733,
         32728,  32721,  32714,  32707,  32612,  32605,  32598,  32590,  32583,  32576,  32568,  32560,  32552,  32545,  32537,  32528,
         32520,  32512,  32503,  32495,  32486,  32478,  32470,  32461,  32453,  32445,  32436,  32428,  32419,  32410,  32402,  32393,
         32384,  32376,  32367,  32359,  32350,  32341,  32333,  32324,  32316,  32307,  32298,  32290,  32282,  32273,  32264,  32255,
         32247,  32239,  32230,  32221,  32212,  32204,  32196,  32187,  32178,  32170,  32161,  32153,  32144,  32135,  32127,  32118,
         32109,  32101,  32092,  32083,  32074,  17633, -13861, -15037, -12704, -12709, -12713, -13957, -17133, -17134, -17136, -17137,
        -17137, -17137, -17137, -17136, -17134, -17133, -17132, -17130, -17126, -17125, -17122, -17119, -17116, -17113, -17110, -17107,
        -17102, -17099, -17096, -17091, -17088, -17083, -17080, -17075, -17072, -17067, -17063, -17059, -17055, -17050, -17046, -17042,
        -17038, -17033, -17029, -17024, -17020, -17016, -17012, -17007, -17002, -16998, -16994, -16988, -16984, -16980, -16975, -16972,
        -16966, -16962, -16957, -16953, -16949, -16944, -16939, -16935, -16930, -16925, -16921, -16916, -16912, -16907, -16903, -16899,
        -16895, -16890, -16886, -16881, -16876, -16872, -16867, -16863, -16858, -16854, -16849, -16844, -16840, -16835, -16831, -16826,
        -16822, -16816, -16813, -16808, -16804, -16800, -16795, -16790, -16786, -16781, -16776, -16772, -16768, -16763, -16759, -16754,
        -16750, -16745, -16741, -16737, -16732, -16727, -16723, -16718, -16714, -16709, -16705, -16700, -16697, -16692, -16687, -16683,
        -16678, -16673, -16669, -16664, -16659, -16656, -16651, -16647, -16642, -16638, -16633, -16629, -16624, -16620, -16615, -16611,
        -16607, -16602, -16598, -16593, -16589, -16584, -16580, -16576, -16571, -16567, -16562, -16558, -16553, -16549, -16544, -16540,
        -16536, -16530, -16527, -16522, -16518, -16514,  -9738,  -4467,  -4464,  -4461,  -4456,  -4453,  -4451,  -4448,  -4445,  -4443,
    },
    {  // Wave 8
         14736,  18999,  19362,  19476,  19324,  19214,  19162,  19250,  19325,  19353,  19286,  19226,  19211,  19268,  19323,  19328,
         19274,  19218,  19223,  19280,  19339,  19325,  19260,  19188,  19218,  19301,  19401,  19343,  19214,  19029,  19166,  19532,
         20977,  -6469,  -5557,  -5394,  -5617,  -5749,  -5798,  -5708,  -5643,  -5625,  -5675,  -5710,  -5715,  -5688,  -5670,  -5672,
         -5682,  -5684,  -5682,  -5686,  -5700,  -5700,  -5677,  -5642,  -5655,  -5704,  -5777,  -5737,  -5625,  -5419,  -5577,  -8332,
        -23660, -24239, -24453, -24543, -24421, -24337, -24298, -24363, -24415, -24433, -24390, -24355, -24349, -24378, -24402, -24402,
        -24382, -24366, -24369, -24383, -24392, -24388, -24381, -24377, -24380, -24381, -24380, -24380, -24384, -24390, -24386, -24376,
        -24365, -24376, -24391, -24406, -24388, -24367, -24350, -24375, -24405, -24422, -24388, -24346, -24329, -24379, -24439, -24450,
        -24379, -24287, -24285, -24403, -24573, -24553, -24260, -23445, -10964,   5034,   5440,   5193,   4985,   4866,   5054,   1480,
          4799,   6433,   6521,   8697,   9413,   9552,   9683,  12273,  14272,  14276,  14252,  14245,  14245,  14247,  14249,  14249,
         14248,  14245,  14244,  14248,  14256,  14254,  14246,  14234,  14238,  14253,  14273,  14262,  14236,  14202,  14227,  14278,
         14365,  14286,  14032,  10785,   1856,   1581,   1510,   1638,   1736,   1772,   1686,   1604,   1580,   1665,   1758,   1774,
          1664,   1510,   1492,   1904, -10006, -10614, -10477, -10467, -10482, -10436, -10298, -10366, -17390, -25505, -25946, -26163,
        -26293, -26199, -26138, -26109, -26195, -26271, -26320, -26294, -26277, -26283, -26340, -26391, -26418, -26412, -26408, -26428,
        -26472, -26513, -26531, -26534, -26537, -26563, -26601, -26636, -26650, -26656, -26660, -26692, -26730, -26776, -26779, -26758,
        -26682, -27996, -32257, -32196, -32318, -32404, -32460, -32439, -32420, -32426, -32496, -32570, -32610, -32595, -32652, -32693,
        -31260, -31163, -30965, -30678, -30378, -30257, -30316, -30522, -30305, -16514,   1008,   1732,  -2868,  -2947,    751,   2725,
    },
    {  // Wave 9
           342,    536,    730,    937,   1367,   1289,   1210,   1131,   1052,    974,    895,   1400,   1681,   1822,   1961,   2099,
          2337,   2326,   2147,   1969,  24973,  28325,  28378,  28430,  28482,  28534,  28587,  28640,  28692,  28744,  28796,  28849,
         28902,  28954,  29006,  29058,  29111,  29164,  29215,  29267,  29321,  29373,  29425,  29477,  29529,  29582,  29635,  29687,
         29739,  29792,  29844,  29897,  29948,  30001,  30054,  30106,  30158,  30210,  30264,  30316,  30368,  30420,  30472,  30525,
         30578,  30630,  30682,  30734,  30787,  30840,  30891,  30943,  30997,  31049,  31101,  31153,  31205,  31259,  31311,  31363,
         31415,  31469,  31520,  31573,  31624,  31677,  31730,  31782,  31834,  31886,  31940,  31992,  32044,  32096,  32148,  32201,
         32254,  32306,  32358,  32412,  32463,  32516,  32567,  32620,  32673,  32725,  21882,   7688,   7426,   7164,   6901,   6639,
          6378,   6117,   5855,   5595,   5335,   5076,   4816,   4557,   4298,   4039,   3781,   3524,   3265,   3007,    351,   -907,
         -1921,  -2803,  -3607,  -4352,  -5051,  -5715,  -6350,  -6960,  -7548,  -8118,  -8671, -22830, -22766, -22701, -22636, -22572,
        -22508, -22444, -22380, -22316, -22252, -22188, -22123, -22060, -21995, -21931, -21868, -21803, -21739, -21676, -21611, -21547,
        -21482, -21418, -21354, -21290, -21226, -21163, -21098, -21034, -20969, -20905, -20841, -20777, -20713, -20649, -20585, -20521,
        -20457, -20392, -20328, -20264, -20200, -20136, -20071, -20009, -19944, -19879, -19815, -19751, -19687, -19623, -19559, -19495,
        -19431, -19367, -19303, -19238, -19174, -19110, -19046, -18982, -18917, -18854, -18790, -18725, -18661, -18597, -18533, -18469,
        -18405, -18340, -18276, -18213, -18148, -18084, -18020,    191,   1973,   1870,   1769,   1668,   1565,   1463,   1361,   1260,
          1157,   1055,    953,    851,    749,    647,    544,    443,    341,    240,    138,  -5722,  -5452,  -5183,  -4913,   -480,
          -578,   -677,   -774,   -873,   -972,   -927,   -855,   -783,   -710,   -639,   -566,   -494,   -262,   -268,   -402,   -538,
    },
    {  // Wave 10
         11559,  23910,  25021,  25353,  24909,  24608,  24470,  24694,  24876,  24938,  24763,  24606,  24560,  24688,  24810,  24808,
         24666,  24525,  24523,  24644,  24774,  24726,  24559,  24368,  24428,  24626,  24887,  24720,  24304,  23526,  24242, -26450,
        -29990, -28930, -28441, -28205, -28512, -28737, -28845, -28642, -28465, -28386, -28528, -28660, -28685, -28531, -28376, -28347,
        -28478, -28616, -28593, -28413, -28208, -28235, -28443, -28715, -28593, -28167, -27386, -27880,  22096,  26033,  25148,  24674,
         24406,  24690,  24890,  25009,  24840,  24701,  24626,  24727,  24814,  24838,  24740,  24651,  24620,  24681,  24737,  24730,
         24650,  24576,  24569,  24618,  24667,  24638,  24562,  24484,  24501,  24554,  24613,  24555,  24465,  24366,  24421,  24503,
         24601,  24481,  24341,  24204,  24337,  24508,  24653,  24409,  24055,  23760,  24325,  26684, -31680, -29043, -28422, -28466,
        -28784, -28982, -28936, -28780, -28668, -28694, -28759, -28795, -28755, -28712, -28690, -28687, -28663, -28618, -28624, -28660,
        -28722, -28635, -28516, -28378, -28503, -28697, -28892, -28573, -27942, -27033,  17402,  25271,  25289,  24713,  24381,  24388,
         24622,  24794,  24758,  24606,  24480,  24507,  24597,  24668,  24616,  24534,  24462,  24491,  24529,  24558,  24510,  24463,
         24422,  24439,  24447,  24447,  24418,  24395,  24378,  24372,  24357,  24340,  24334,  24332,  24326,  24296,  24258,  24241,
         24257,  24280,  24267,  24211,  24146,  24144,  24192,  24251,  24208,  24112,  23998,  24045,  24150,  24286,  24159,  23962,
         23702,  23922,  24271,  24790,  24103,  15393, -27303, -28838, -29395, -29501, -29177, -28949, -28908, -29073, -29200, -29192,
        -29064, -28956, -28955, -29026, -29085, -29050, -28970, -28896, -28911, -28949, -28981, -28934, -28875, -28819, -28837, -28862,
        -28885, -28831, -28779, -28734, -28755, -28777, -28786, -28732, -28676, -28641, -28669, -28699, -28699, -28634, -28564, -28542,
        -28585, -28638, -28619, -28528, -28424, -28429, -28515, -28623, -28559, -28396, -28186, -28282, -28529, -28928, -28611, -27525,
    },
    {  // Wave 11
         22936,  22942,  22949,  22953,  22957,  22960,  22961,  22963,  22965,  22965,  22963,  22963,  22961,  22959,  22956,  22955,
         22950,  22948,  22944,  22940,  22936,  22933,  22928,  22923,  22919,  22914,  22909,  22903,  22898,  22894,  22888,  22883,
         22877,  22872,  22866,  22860,  22855,  22849,  22844,  22838,  22832,  17664, -32246, -32250, -32252, -32253, -32253, -32253,
        -32252, -32250, -32248, -32246, -32241, -32238, -32234, -32228, -32224, -32219, -32213,  22859,  22863,  22867,  22869,  22871,
         22871,  22871,  22871,  22871,  22868,  22867,  22864,  22861,  22859,  22855,  22853,  22849,  22845,  22841,  22835,  22832,
         22828,  22822,  22817,  22812,  22807,  22802,  22797,  22792,  22786,  22780,  22775,  22769,  22764,  22758,  22752,  22747,
         22741,  22735,  22730,  22724,  22718,  22712,  22706,  22700,  22694,  22689,  22683,  22677,  22670,  22664,  22658,  22652,
         22646,  22640,  22634,  22628,  22622,  22616,  22610,  22603,  22598,  22592,  22587,  22579,  22574,  22568,  22562,  22556,
         22550,  22544,  22537,  22531,  22525,  22520,  22514,  22508,  22502,  22496,  22489,  22483,  22477,  22472,  22466,  22460,
         22453,  22447,  22441,  22435,  22429,  22424,  22417,  22410,  22404,  22399,  22393,  22387,  22381,  22375,  22369,  22364,
         22356,  22351,  22345,  22339,  22333,  22327,  22321,  22315, -32757, -32761, -32764, -32766, -32766, -32766, -32766, -32764,
        -32762, -32759, -32756, -32751, -32747, -32743, -32738, -32732, -32726, -32721, -32714, -32708, -32702, -32695, -32688, -32681,
        -32673, -32666, -32658, -32650, -32642, -32634, -32626, -32618, -32611, -32603, -32595, -32587, -32578, -32570, -32562, -32553,
        -32544, -32536, -32528, -32518, -32510, -32501, -32493, -32485, -32476, -32468, -32458, -32451, -32442, -32433, -32424, -32416,
        -32408, -32398, -32390, -32381, -32373, -32364, -32356, -32347, -32338, -32331, -32321, -32313, -32304, -32296, -32286, -32278,
        -32268, -32260, -32251, -32243, -32234, -32225, -32218, -32208, -32200, -32191, -32183, -32173, -32166, -32156, -32148, -32140,
    },
    {  // Wave 12
           153,    832,    593,    606,    605,    579,    563,    547,    530,    513,    497,    483,    467,    452,    441,    427,
           412,    400,    388,    373,    362,    350,    342,    325,    320,    309,    298,    290,    278,    272,    262,    250,
           245,    236,    228,    222,    212,    207,    199,    189,    184,    178,    171,    165,    161,    153,    149,    145,
           140,    135,    135,    892,   1479,  -1742,    188,    148,     25,    106,     97,     89,     94,     90,     88,     88,
            87,     86,     83,     83,     82,     78,     77,     78,     76,     77,     74,     72,     71,     70,     69,     66,
            68,     67,     65,     67,     65,     65,     61,     60,     59,     59,     59,     56,     57,     54,     56,     53,
            51,     54,     50,     50,     50,     47,     45,     33,      8,    -41,   -153,   -832, -15954, -24646,  -1382,   3513,
          1237,   1827,   1859,   1730,   1716,   1668,   1615,   1568,   1520,   1478,   1428,   1391,   1349,   1304,   1269,   1229,
          1197,   1158,   1123,   1090,   1057,   1024,    994,    964,    933,    903,    878,    849,    824,    799,    776,    752,
           726,    705,    679,    660,    637,    614,    594,    574,    552,    534,    513,    493,    473,    454,    430,    411,
           394,    370,    354,    329,    310,    289,    268,    247,    228,    211,    192,    179,    183,    201,    237,    283,
           317,    327,    303,    202,    -40,    -48,    219,    306,    284,    256,    208,    150,    100,     79,     71,     77,
            81,     96,    105,    115,    123,    131,    139,    145,    150,    155,    159,    161,    162,    163,    166,    168,
           166,    163,    164,    163,    162,    159,    155,    157,    153,    147,    146,    144,    141,    136,    137,    134,
           130,    128,    127,    127,    120,    119,    113,    116,    110,    110,    106,    104,    103,    100,    100,     96,
            96,     93,     90,     93,     87,     82,     69,     54,     13,    -62,   -243,  -3327, -28111, -16833,   4535,    333,
    },
    {  // Wave 13
        -14849, -32359, -28234, -25519, -24014, -23414, -24115, -25518, -26774, -27526, -27769, -27690, -27446, -27170, -26942, -26777,
        -26679, -26630, -26602, -26585, -26567, -26547, -26527, -26504, -26484, -26469, -26459, -26454, -26454, -26457, -26460, -26470,
        -26483, -26496, -26512, -26529, -26549, -26567, -26588, -26610, -26630, -19659, -17712, -18948, -19788, -20096, -20085, -19925,
        -19752, -19633, -19580, -19589, -19632, -19694, -19758, -19802, -19838, -19860, -19879, -19891, -19909, -19921, -19931, -19941,
        -19950, -19956, -19962, -19964, -19967, -19968, -19968, -19969, -19965, -19961, -19956, -14709, -10842, -11836, -12542, -12770,
        -12700, -12507, -12314, -12182, -12114, -12103, -12128, -12168, -12205, -12230, -12244, -12252, -12253, -12248, -12251, -12253,
        -12251, -12252, -12255, -12257, -12257, -12256, -12254, -12252, -12250, -12248, -12243, -12241, -12237,  -9052,  -2958,  -3722,
         -4382,  -4601,  -4530,  -4339,  -4148,  -4017,  -3958,  -3955,  -3985,  -4032,  -4077,  -4106,  -4126,  -4141,  -4145,  -4146,
         -4151,  -4158,  -4163,  -4166,  -4172,  -4173,  -4178,  -4180,  -4182,  -4183,  -4183,  -4183,  -4182,  -4179,  -4176,  -4173,
         -4170,  -4166,  -4163,   3849,   4920,   4092,   3668,   3606,   3746,   3949,   4119,   4216,   4250,   4236,   4196,   4148,
          4108,   4085,   4069,   4059,   4057,   4054,   4048,   4045,   4040,   4035,   4032,   4028,   4026,   4023,   4022,   4022,
          4022,   4023,   4026,   4029,   4030,   4035,   4039,   4040,   4044,   4048,   4052,   4055,  12281,  13100,  12244,  11784,
         11683,  11809,  12010,  12187,  12293,  12334,  12327,  12287,  12240,  12200,  12176,  12159,  12148,  12146,  12142,  12135,
         12132,  12127,  12121,  12118,  12115,  12112,  12108,  12108,  12108,  12108,  12108,  12109,  12112,  12114,  19533,  21095,
         20127,  19499,  19270,  19313,  19502,  19702,  19844,  19916,  19924,  19898,  19854,  19813,  19787,  19766,  19756,  19755,
         19754,  19749,  19745,  19743,  19740,  19738,  19735,  19734,  19731,  19731,  19731,  19731,  19735,  19737,  19739,  19742,
    },
    {  // Wave 14
         -6423, -22347, -30791, -32749, -30371, -25822, -20616, -15820, -11647,  -7887,  -4421,  -1358,   1098,   2816,   3841,   4250,
          4174,   3753,   3112,   2372,   1628,    947,    379,    -60,   -363,   -550,   -636,   -641,   -589,   -499,   -389,   -276,
          -168,    -78,     -5,     47,     76,     93,     99,     97,     86,   1262,   3886,   5253,   5564,   5220,   4552,   3740,
          2902,   2098,   1364,    724,    196,   -203,   -480,   -644,   -706,   -694,   -620,   -513,   -387,   -260,   -146,    -51,
            21,     66,     96,    109,    108,    104,     89,     72,     50,     29,     12,    834,   3523,   5028,   5465,   5212,
          4585,   3803,   2981,   2185,   1450,    802,    268,   -151,   -436,   -613,   -691,   -689,   -624,   -521,   -399,   -272,
          -160,    -63,     12,     61,     92,    105,    108,    106,     91,     72,     52,     32,     17,    510,   3250,   4968,
          5514,   5331,   4737,   3957,   3125,   2312,   1562,    892,    336,   -100,   -409,   -602,   -694,   -703,   -645,   -544,
          -421,   -292,   -174,    -76,      4,     54,     90,    106,    110,    108,     94,     77,     58,     35,     17,      5,
            -4,     -5,     -8,   1743,   4198,   5333,   5505,   5108,   4403,   3593,   2761,   1969,   1252,    628,    126,   -254,
          -514,   -659,   -707,   -687,   -604,   -491,   -366,   -238,   -129,    -37,     32,     72,     99,    109,    110,    101,
            86,     68,     47,     27,     12,      1,     -5,     -7,    -10,    -11,    -13,    -11,   1867,   4284,   5362,   5507,
          5092,   4378,   3562,   2731,   1941,   1225,    606,    110,   -266,   -519,   -662,   -709,   -684,   -599,   -485,   -361,
          -234,   -123,    -33,     34,     73,    100,    109,    110,    103,     87,     68,     46,     26,     11,   1458,   3969,
          5226,   5450,   5087,   4420,   3619,   2797,   2009,   1295,    672,    161,   -224,   -485,   -641,   -695,   -679,   -604,
          -494,   -370,   -245,   -137,    -44,     25,     69,     97,    107,    108,    102,     87,     68,     46,     28,     15,
    },
    {  // Wave 15
            25,    211,    397,    582,    768,    952,   1642,   1903,   2171,   2438,   2705,   2972,   3238,   3508,   3775,   4042,
          4310,   4577,   4843,   5110,   5376,   5643,   5910,   6176,   6444,   6710,   7036,   9467,   9819,  10168,  10516,  10863,
         11211,  11559,  11907,  12258,  12604,  12953,  13299,  13647,  13994,  14340,  14688,  15034,  15380,  17532,  19868,  20301,
         20730,  21158,  21585,  22014,  22442,  22870,  23299,  23725,  24154,  24579,  25009,  25435,  25862,  26288,  26714,  27142,
        -27769, -32639, -32043, -31528, -31016, -30500, -29985, -29470, -28954, -28437, -27920, -27401, -26884, -26364, -25843, -25323,
        -24805, -24285, -23766, -23246, -22726, -22206, -21685, -21167, -20645, -20123, -19603, -19083, -18564, -18116, -20324, -19724,
        -19123, -18517, -17916, -17310, -16710, -16107, -15505, -14903, -14302, -13699, -13097, -12495, -11890, -11290, -10688, -10087,
         -9486,  -8884,  -8284,  -7684,  -7084,  -6483,  -5882,  -5278,  -4680,  -4079,  -3480,  -2879,  -2281,  -1681,  -1082,   -483,
           113,    715,   1312,   1913,   2511,   3109,   3203,   3725,   4240,   4755,   5272,   5786,   6302,   6814,   7331,   7844,
          8358,   8872,   9385,   9899,  10413,  10925,  11440,  11955,  12467,  12980,  13432,  11781,  12206,  12636,  13066,  13496,
         13925,  14356,  14788,  15217,  15645,  16074,  16504,  16932,  17361,  17788,  18219,  18646,  18503,  15796,  16137,  16482,
         16828,  17175,  17520,  17866,  18211,  18559,  18902,  19248,  19594,  19940,  20285,  20630,  20974,  21320,  21665,  22016,
        -17057, -16902, -16638, -16373, -16107, -15842, -15574, -15308, -15040, -14773, -14504, -14236, -13968, -13698, -13429, -13160,
        -12890, -12621, -12352, -12081, -11811, -11541, -11271, -11000, -10730, -10460, -10191,  -9920,  -9651,  -9382,  -9095,  -6106,
         -5931,  -5744,  -5556,  -5371,  -5183,  -4995,  -4808,  -4621,  -4435,  -4248,  -4061,  -3874,  -3688,  -3500,  -3315,  -3128,
         -2942,  -2756,  -2569,  -2383,  -2198,  -2011,  -1823,  -1638,  -1452,  -1266,  -1081,   -895,   -710,   -523,   -337,   -152,
    },
    {  // Wave 16
          2556,   3814,   5072,   6332,   7590,   8851,  10111,  11369,  12625,  13879,  15144,  16434,  15813,  14450,  13073,  11690,
         10304,   8918,   7533,   6149,   4764,   3376,  -1969,   -719,    536,   1789,  -4448,  -3196,   3170,   5062,   6954,   8844,
         10736,  12629,  14520,  16342,  12867,   9391,   5769,   2489,   4904,   7059,   9208,  11355,  13500,  14595,  14091,  13606,
         13126,  12643,  12156,  11669,  11181,  11890,  21260,  20522,  19782,  19041,  18300,  17558,  16815,  16071,  15329,  14586,
         13840,  13095,  12351,  11603,  10857,  10109,   9363,   8615,   7866,   7119,   6369,   5622,   4872,   4125,   3375,   2626,
         -1880,    269,   1306,  -3668,  -5046,  -6423,  -7802,  -9179, -10559, -11939, -13321, -14694, -16065, -17441, -18818, -20198,
        -21581, -22964, -24351, -25740, -27129, -28520, -29911, -31302, -32632, -31732, -30490, -29242, -27994, -26746, -25495, -24243,
        -22990, -21735, -20480, -19224, -17966, -16710, -15452, -14195, -12080,  -9931,  -7782,  -5637,  -3492,   1749,    367,  -1017,
          2556,   3815,   5072,   6332,   7590,   8851,  10111,  11369,  12625,  13879,  15145,  16436,  15813,  14451,  13073,  11690,
         10304,   8919,   7535,   6149,   4764,   3376,  -1969,   -717,    536,   1789,  -4448,  -3196,   3170,   5064,   6954,   8846,
         10736,  12629,  14521,  16344,  12867,   9392,   5769,   2489,   4904,   7059,   9209,  11355,  13500,  14596,  14091,  13606,
         13126,  12643,  12156,  11670,  11181,  11890,  21260,  20522,  19782,  19041,  18300,  17558,  16815,  16073,  15329,  14586,
         13840,  13096,  12351,  11603,  10857,  10111,   9363,   8616,   7867,   7119,   6371,   5622,   4874,   4126,   3375,   2626,
         -1880,    269,   1344,  -3472,  -4863,  -6251,  -7643,  -9032, -10424, -11816, -13208, -14601, -15994, -17386, -18779, -20173,
        -21566, -22960, -24354, -25747, -27139, -28532, -29924, -31315, -32644, -31740, -30496, -29247, -27997, -26747, -25495, -24243,
        -22990, -21735, -20482, -19226, -17969, -16712, -15454, -14196, -12079,  -9923,  -7770,  -5613,  -3458,   1749,    367,  -1017,
    },
    {  // Wave 17
          1457,  15613,  25617,  25370,  25122,  24871,  24617,  24358,  24096,  23831,  23562,  23290,  23018,  22739,  22458,  22175,
         21889,  21600,  21308,  21014,  20717,  20414,  20112,  19806,  19496,  19184,  18871,  18554,  18235,  17912,  17587,  17260,
         16932,  16598,  16263,  15928,  15580,  15231,  14880,  14530,  14177,  13825,  13472,  13117,  12761,  12406,  12050,  11694,
         11334,  10975,  10616,   1311,   1308,   1305,   1302,   1299,   1298,   1296,   1293,   1292,   1290,   1290,   1287,   1287,
          1284,   1284,   1281,   1281,   1281,   1278,   1278,   1278,   1278,   1275,   1275,   1275,   1275,   1274,   1273,   1273,
          1273,   1273,   1272,   6154,  10737,  11074,  11412,  11750,  12088,  12427,  12765,  13103,  13439,  13777,  14114,  14450,
         14788,  15125,  15462,  15797,  16135,  16470,  16807,  17143,  17479,  17814,  18152,  18487,  18821,  19159,  19493,  19827,
         20162,  20499,  20835,  21169,  21504,  21838,  22173,  22508,  22842,  23177,  23511,  23843,  24177,  24513,  24847,  25180,
         25513,  25848,  26180,  26514,  26848,   -208, -17335, -24662, -31986, -32313, -31801, -31289, -30776, -30261, -29748, -29233,
        -28716, -28200, -27685, -27169, -26654, -26134, -25618, -25100, -24583, -24065, -23546, -23029, -22512, -21993, -21473, -20956,
        -20439, -19920, -19402, -18885, -18366, -17848, -17329, -16813, -16294, -15778, -15260, -14742, -14224, -13706, -13190, -12674,
        -12156, -11639, -11123,   1242,   1246,   1249,   1251,   1255,   1256,   1258,   1261,   1261,   1264,   1264,   1265,   1267,
          1267,   1268,   1270,   1270,   1270,   1270,   1270,   1270,   1272,   1273,   1273,   1273,   1273,   1273,   1273,   1273,
          1273,   1273,   1273, -10807, -11320, -11832, -12345, -12855, -13367, -13879, -14390, -14899, -15412, -15920, -16430, -16941,
        -17450, -17959, -18470, -18980, -19488, -19997, -20507, -21015, -21522, -22029, -22539, -23048, -23553, -24063, -24571, -25077,
        -25584, -26092, -26598, -27105, -27613, -28118, -28624, -29131, -29636, -30143, -30649, -31154, -31660, -32166, -27600, -19049,
    },
    {  // Wave 18
